FileID,File_Path
fcdb80e888e495258140597d7733d15b,NEX-GDDP-CMIP6/INM-CM4-8/ssp245/r1i1p1f1/tas/tas_day_INM-CM4-8_ssp245_r1i1p1f1_gr1_2015.nc
443767a75753ad972840be162dd0e7af,NEX-GDDP-CMIP6/INM-CM4-8/ssp245/r1i1p1f1/tas/tas_day_INM-CM4-8_ssp245_r1i1p1f1_gr1_2016.nc
642b1a989e76e71b44ec320bf1252311,NEX-GDDP-CMIP6/INM-CM4-8/ssp245/r1i1p1f1/tas/tas_day_INM-CM4-8_ssp245_r1i1p1f1_gr1_2017.nc
a6d7495eb0d2211f6ab2ca9db5cceb9c,NEX-GDDP-CMIP6/INM-CM4-8/ssp245/r1i1p1f1/tas/tas_day_INM-CM4-8_ssp245_r1i1p1f1_gr1_2018.nc
1caec46f3d1361d4306fe5e4f2607c33,NEX-GDDP-CMIP6/INM-CM4-8/ssp245/r1i1p1f1/tas/tas_day_INM-CM4-8_ssp245_r1i1p1f1_gr1_2019.nc
57a2916e34bc29a2aa320cd3ebefa28c,NEX-GDDP-CMIP6/INM-CM4-8/ssp245/r1i1p1f1/tas/tas_day_INM-CM4-8_ssp245_r1i1p1f1_gr1_2020.nc
7bbb5599b4687ce70abbede03723c81a,NEX-GDDP-CMIP6/INM-CM4-8/ssp245/r1i1p1f1/tas/tas_day_INM-CM4-8_ssp245_r1i1p1f1_gr1_2021.nc
52f7ce13112dc43e375dd714abfb2910,NEX-GDDP-CMIP6/INM-CM4-8/ssp245/r1i1p1f1/tas/tas_day_INM-CM4-8_ssp245_r1i1p1f1_gr1_2022.nc
194adc2c8b19c5b96462f43a3ebd0651,NEX-GDDP-CMIP6/INM-CM4-8/ssp245/r1i1p1f1/tas/tas_day_INM-CM4-8_ssp245_r1i1p1f1_gr1_2023.nc
cd362cdd168ec25636559e0cd422017d,NEX-GDDP-CMIP6/INM-CM4-8/ssp245/r1i1p1f1/tas/tas_day_INM-CM4-8_ssp245_r1i1p1f1_gr1_2024.nc
41aa2a3bd8002ab4edb06ea77b69993d,NEX-GDDP-CMIP6/INM-CM4-8/ssp245/r1i1p1f1/tas/tas_day_INM-CM4-8_ssp245_r1i1p1f1_gr1_2025.nc
3dd61d75ea5512e240abaa58dda43983,NEX-GDDP-CMIP6/INM-CM4-8/ssp245/r1i1p1f1/tas/tas_day_INM-CM4-8_ssp245_r1i1p1f1_gr1_2026.nc
1f4716e0abf2bbe95a97a796aaf2df85,NEX-GDDP-CMIP6/INM-CM4-8/ssp245/r1i1p1f1/tas/tas_day_INM-CM4-8_ssp245_r1i1p1f1_gr1_2027.nc
3c4df59bc672d907a98fc4627c08bc9a,NEX-GDDP-CMIP6/INM-CM4-8/ssp245/r1i1p1f1/tas/tas_day_INM-CM4-8_ssp245_r1i1p1f1_gr1_2028.nc
1dcf7ad35aafd1a5826b64733ad9f766,NEX-GDDP-CMIP6/INM-CM4-8/ssp245/r1i1p1f1/tas/tas_day_INM-CM4-8_ssp245_r1i1p1f1_gr1_2029.nc
388578ef4435e67e9116b8d9fc4a629c,NEX-GDDP-CMIP6/INM-CM4-8/ssp245/r1i1p1f1/tas/tas_day_INM-CM4-8_ssp245_r1i1p1f1_gr1_2030.nc
edec3e608aa915dad6e39e0916882678,NEX-GDDP-CMIP6/INM-CM4-8/ssp245/r1i1p1f1/tas/tas_day_INM-CM4-8_ssp245_r1i1p1f1_gr1_2031.nc
4f1721d4f7944cac7874509f0187542a,NEX-GDDP-CMIP6/INM-CM4-8/ssp245/r1i1p1f1/tas/tas_day_INM-CM4-8_ssp245_r1i1p1f1_gr1_2032.nc
fb196e4757ee076ead015a2b4e8e011a,NEX-GDDP-CMIP6/INM-CM4-8/ssp245/r1i1p1f1/tas/tas_day_INM-CM4-8_ssp245_r1i1p1f1_gr1_2033.nc
2b1b83238bcb5d67ff83d3a0e9565c80,NEX-GDDP-CMIP6/INM-CM4-8/ssp245/r1i1p1f1/tas/tas_day_INM-CM4-8_ssp245_r1i1p1f1_gr1_2034.nc
d878a773c625ef24525f1a3dc5075bc3,NEX-GDDP-CMIP6/INM-CM4-8/ssp245/r1i1p1f1/tas/tas_day_INM-CM4-8_ssp245_r1i1p1f1_gr1_2035.nc
e2662329493cf7f0de7507fc6040b62a,NEX-GDDP-CMIP6/INM-CM4-8/ssp245/r1i1p1f1/tas/tas_day_INM-CM4-8_ssp245_r1i1p1f1_gr1_2036.nc
b5228184cd85fd615864a2421ff0a358,NEX-GDDP-CMIP6/INM-CM4-8/ssp245/r1i1p1f1/tas/tas_day_INM-CM4-8_ssp245_r1i1p1f1_gr1_2037.nc
8dc06cec67c2862d87dec91d972d581e,NEX-GDDP-CMIP6/INM-CM4-8/ssp245/r1i1p1f1/tas/tas_day_INM-CM4-8_ssp245_r1i1p1f1_gr1_2038.nc
bc50a01af342face60d3f82bb85cbf1a,NEX-GDDP-CMIP6/INM-CM4-8/ssp245/r1i1p1f1/tas/tas_day_INM-CM4-8_ssp245_r1i1p1f1_gr1_2039.nc
acde39a9be32bb210685a8a24445118d,NEX-GDDP-CMIP6/INM-CM4-8/ssp245/r1i1p1f1/tas/tas_day_INM-CM4-8_ssp245_r1i1p1f1_gr1_2040.nc
b0b56415cc87b26cf8f2d8f2db576cb6,NEX-GDDP-CMIP6/INM-CM4-8/ssp245/r1i1p1f1/tas/tas_day_INM-CM4-8_ssp245_r1i1p1f1_gr1_2041.nc
19efc3e224699c41c3686594105dcd57,NEX-GDDP-CMIP6/INM-CM4-8/ssp245/r1i1p1f1/tas/tas_day_INM-CM4-8_ssp245_r1i1p1f1_gr1_2042.nc
74a40f6f0e041f9728793f78edd71823,NEX-GDDP-CMIP6/INM-CM4-8/ssp245/r1i1p1f1/tas/tas_day_INM-CM4-8_ssp245_r1i1p1f1_gr1_2043.nc
8e99c3633f2db2a83fe576c3a8c66607,NEX-GDDP-CMIP6/INM-CM4-8/ssp245/r1i1p1f1/tas/tas_day_INM-CM4-8_ssp245_r1i1p1f1_gr1_2044.nc
3ad13a90346422062d753e04680a2183,NEX-GDDP-CMIP6/INM-CM4-8/ssp245/r1i1p1f1/tas/tas_day_INM-CM4-8_ssp245_r1i1p1f1_gr1_2045.nc
20ca3e09714e67f96a054ba3ef282ea2,NEX-GDDP-CMIP6/INM-CM4-8/ssp245/r1i1p1f1/tas/tas_day_INM-CM4-8_ssp245_r1i1p1f1_gr1_2046.nc
c3d979f8df2377591582c78cffc94500,NEX-GDDP-CMIP6/INM-CM4-8/ssp245/r1i1p1f1/tas/tas_day_INM-CM4-8_ssp245_r1i1p1f1_gr1_2047.nc
25311ec3a00089d312f45d9a55f2f97c,NEX-GDDP-CMIP6/INM-CM4-8/ssp245/r1i1p1f1/tas/tas_day_INM-CM4-8_ssp245_r1i1p1f1_gr1_2048.nc
26bb0045ddb7c9161fb860aabfeb5a7b,NEX-GDDP-CMIP6/INM-CM4-8/ssp245/r1i1p1f1/tas/tas_day_INM-CM4-8_ssp245_r1i1p1f1_gr1_2049.nc
f721d84b2ae80e6b4409e38f0dbeb0f5,NEX-GDDP-CMIP6/INM-CM4-8/ssp245/r1i1p1f1/tas/tas_day_INM-CM4-8_ssp245_r1i1p1f1_gr1_2050.nc
c1f027071d9da795b031bcd291f8d27b,NEX-GDDP-CMIP6/INM-CM4-8/ssp245/r1i1p1f1/tas/tas_day_INM-CM4-8_ssp245_r1i1p1f1_gr1_2051.nc
e9015128426cd539f8b0409967a86fe5,NEX-GDDP-CMIP6/INM-CM4-8/ssp245/r1i1p1f1/tas/tas_day_INM-CM4-8_ssp245_r1i1p1f1_gr1_2052.nc
c20843a562171f0023e49db191a95b1b,NEX-GDDP-CMIP6/INM-CM4-8/ssp245/r1i1p1f1/tas/tas_day_INM-CM4-8_ssp245_r1i1p1f1_gr1_2053.nc
3b5f51ae1c5d202f3789a958246dd28e,NEX-GDDP-CMIP6/INM-CM4-8/ssp245/r1i1p1f1/tas/tas_day_INM-CM4-8_ssp245_r1i1p1f1_gr1_2054.nc
5603521c0a7012305ca25f57b75de8f1,NEX-GDDP-CMIP6/INM-CM4-8/ssp245/r1i1p1f1/tas/tas_day_INM-CM4-8_ssp245_r1i1p1f1_gr1_2055.nc
4576a0c1dad25b3302f96d18575c929f,NEX-GDDP-CMIP6/INM-CM4-8/ssp245/r1i1p1f1/tas/tas_day_INM-CM4-8_ssp245_r1i1p1f1_gr1_2056.nc
c1ceac798da7c9758d3a516c141294c9,NEX-GDDP-CMIP6/INM-CM4-8/ssp245/r1i1p1f1/tas/tas_day_INM-CM4-8_ssp245_r1i1p1f1_gr1_2057.nc
d0691bd54b5af00726cef6d1430346fe,NEX-GDDP-CMIP6/INM-CM4-8/ssp245/r1i1p1f1/tas/tas_day_INM-CM4-8_ssp245_r1i1p1f1_gr1_2058.nc
48f63f5bfd3f950a39eda17117f35e2d,NEX-GDDP-CMIP6/INM-CM4-8/ssp245/r1i1p1f1/tas/tas_day_INM-CM4-8_ssp245_r1i1p1f1_gr1_2059.nc
e0ba00ce9e258e5a5653c1a79aec4987,NEX-GDDP-CMIP6/INM-CM4-8/ssp245/r1i1p1f1/tas/tas_day_INM-CM4-8_ssp245_r1i1p1f1_gr1_2060.nc
cfa89a0337bac92da440e2aa9cb280d5,NEX-GDDP-CMIP6/INM-CM4-8/ssp245/r1i1p1f1/tas/tas_day_INM-CM4-8_ssp245_r1i1p1f1_gr1_2061.nc
2137c94d102a506395aa9096b0783814,NEX-GDDP-CMIP6/INM-CM4-8/ssp245/r1i1p1f1/tas/tas_day_INM-CM4-8_ssp245_r1i1p1f1_gr1_2062.nc
e10a41986b357b3f0a010c8d18449003,NEX-GDDP-CMIP6/INM-CM4-8/ssp245/r1i1p1f1/tas/tas_day_INM-CM4-8_ssp245_r1i1p1f1_gr1_2063.nc
07de01b8a297e0dc53315456a1eec50b,NEX-GDDP-CMIP6/INM-CM4-8/ssp245/r1i1p1f1/tas/tas_day_INM-CM4-8_ssp245_r1i1p1f1_gr1_2064.nc
f7212bab51e3a83dca2a8a77b39c901c,NEX-GDDP-CMIP6/INM-CM4-8/ssp245/r1i1p1f1/tas/tas_day_INM-CM4-8_ssp245_r1i1p1f1_gr1_2065.nc
5a656f7f274ece6fa39a8aa559b637b8,NEX-GDDP-CMIP6/INM-CM4-8/ssp245/r1i1p1f1/tas/tas_day_INM-CM4-8_ssp245_r1i1p1f1_gr1_2066.nc
730977c090cf7da6e5697db64dc21d8f,NEX-GDDP-CMIP6/INM-CM4-8/ssp245/r1i1p1f1/tas/tas_day_INM-CM4-8_ssp245_r1i1p1f1_gr1_2067.nc
a00993217eabd4000156d28ccadecabd,NEX-GDDP-CMIP6/INM-CM4-8/ssp245/r1i1p1f1/tas/tas_day_INM-CM4-8_ssp245_r1i1p1f1_gr1_2068.nc
298da7506d4aba5826213ebf6c5182e1,NEX-GDDP-CMIP6/INM-CM4-8/ssp245/r1i1p1f1/tas/tas_day_INM-CM4-8_ssp245_r1i1p1f1_gr1_2069.nc
67061d829792b7b6422d52933abd3995,NEX-GDDP-CMIP6/INM-CM4-8/ssp245/r1i1p1f1/tas/tas_day_INM-CM4-8_ssp245_r1i1p1f1_gr1_2070.nc
22f642590b634b96495858d8f3c381fd,NEX-GDDP-CMIP6/INM-CM4-8/ssp245/r1i1p1f1/tas/tas_day_INM-CM4-8_ssp245_r1i1p1f1_gr1_2071.nc
a4e49440e91671c282acedb12d9dc21d,NEX-GDDP-CMIP6/INM-CM4-8/ssp245/r1i1p1f1/tas/tas_day_INM-CM4-8_ssp245_r1i1p1f1_gr1_2072.nc
49eba6c5e36c049a747eab47d277b20e,NEX-GDDP-CMIP6/INM-CM4-8/ssp245/r1i1p1f1/tas/tas_day_INM-CM4-8_ssp245_r1i1p1f1_gr1_2073.nc
5393368909ec9f1dadea02f0b443debf,NEX-GDDP-CMIP6/INM-CM4-8/ssp245/r1i1p1f1/tas/tas_day_INM-CM4-8_ssp245_r1i1p1f1_gr1_2074.nc
dc1df7865e13a7d5fcfef8cedca40695,NEX-GDDP-CMIP6/INM-CM4-8/ssp245/r1i1p1f1/tas/tas_day_INM-CM4-8_ssp245_r1i1p1f1_gr1_2075.nc
7872b33c4529d5d435e8f145738e1c19,NEX-GDDP-CMIP6/INM-CM4-8/ssp245/r1i1p1f1/tas/tas_day_INM-CM4-8_ssp245_r1i1p1f1_gr1_2076.nc
cc1126e9ddd72a72521eb3a6cf226afb,NEX-GDDP-CMIP6/INM-CM4-8/ssp245/r1i1p1f1/tas/tas_day_INM-CM4-8_ssp245_r1i1p1f1_gr1_2077.nc
5d522cc61e2a20d05ff38a5f90a70bf4,NEX-GDDP-CMIP6/INM-CM4-8/ssp245/r1i1p1f1/tas/tas_day_INM-CM4-8_ssp245_r1i1p1f1_gr1_2078.nc
73516b5d78d56cef9011e705b5a4162e,NEX-GDDP-CMIP6/INM-CM4-8/ssp245/r1i1p1f1/tas/tas_day_INM-CM4-8_ssp245_r1i1p1f1_gr1_2079.nc
24c43c9fba5f50e5f660e3944526e0da,NEX-GDDP-CMIP6/INM-CM4-8/ssp245/r1i1p1f1/tas/tas_day_INM-CM4-8_ssp245_r1i1p1f1_gr1_2080.nc
63c4bc58ff0e1e8c64801a875c46a67a,NEX-GDDP-CMIP6/INM-CM4-8/ssp245/r1i1p1f1/tas/tas_day_INM-CM4-8_ssp245_r1i1p1f1_gr1_2081.nc
2546d94dccf30551c1073091555f8849,NEX-GDDP-CMIP6/INM-CM4-8/ssp245/r1i1p1f1/tas/tas_day_INM-CM4-8_ssp245_r1i1p1f1_gr1_2082.nc
81e89f1f6fba098dea9eec409c26d45a,NEX-GDDP-CMIP6/INM-CM4-8/ssp245/r1i1p1f1/tas/tas_day_INM-CM4-8_ssp245_r1i1p1f1_gr1_2083.nc
04558d6e476244c84d49f3c505c45fed,NEX-GDDP-CMIP6/INM-CM4-8/ssp245/r1i1p1f1/tas/tas_day_INM-CM4-8_ssp245_r1i1p1f1_gr1_2084.nc
3b63ceb26b9500f7f60e40d651bd6dce,NEX-GDDP-CMIP6/INM-CM4-8/ssp245/r1i1p1f1/tas/tas_day_INM-CM4-8_ssp245_r1i1p1f1_gr1_2085.nc
7472c1bbd9b78b2193976104219c439a,NEX-GDDP-CMIP6/INM-CM4-8/ssp245/r1i1p1f1/tas/tas_day_INM-CM4-8_ssp245_r1i1p1f1_gr1_2086.nc
73b0d38803cecb528597cdef9964cf04,NEX-GDDP-CMIP6/INM-CM4-8/ssp245/r1i1p1f1/tas/tas_day_INM-CM4-8_ssp245_r1i1p1f1_gr1_2087.nc
fb559d1317bce4f01614498fe42a91e5,NEX-GDDP-CMIP6/INM-CM4-8/ssp245/r1i1p1f1/tas/tas_day_INM-CM4-8_ssp245_r1i1p1f1_gr1_2088.nc
6663c051a07d967d059145b8069f5de8,NEX-GDDP-CMIP6/INM-CM4-8/ssp245/r1i1p1f1/tas/tas_day_INM-CM4-8_ssp245_r1i1p1f1_gr1_2089.nc
db25640c5a8a92937843bd13608d2302,NEX-GDDP-CMIP6/INM-CM4-8/ssp245/r1i1p1f1/tas/tas_day_INM-CM4-8_ssp245_r1i1p1f1_gr1_2090.nc
952b43fcfbcd7dbf5d594cf931d303a9,NEX-GDDP-CMIP6/INM-CM4-8/ssp245/r1i1p1f1/tas/tas_day_INM-CM4-8_ssp245_r1i1p1f1_gr1_2091.nc
63b3c9f39373756a335812fad53107ae,NEX-GDDP-CMIP6/INM-CM4-8/ssp245/r1i1p1f1/tas/tas_day_INM-CM4-8_ssp245_r1i1p1f1_gr1_2092.nc
b9580d56b8a2b4ccf2eb59170dc7f124,NEX-GDDP-CMIP6/INM-CM4-8/ssp245/r1i1p1f1/tas/tas_day_INM-CM4-8_ssp245_r1i1p1f1_gr1_2093.nc
085514374c4b37f48a70d0d91b1625a8,NEX-GDDP-CMIP6/INM-CM4-8/ssp245/r1i1p1f1/tas/tas_day_INM-CM4-8_ssp245_r1i1p1f1_gr1_2094.nc
1e4db14a3c29725cf41a91aae357d109,NEX-GDDP-CMIP6/INM-CM4-8/ssp245/r1i1p1f1/tas/tas_day_INM-CM4-8_ssp245_r1i1p1f1_gr1_2095.nc
e17b60d9fab1f0bcdfc517086a69ba74,NEX-GDDP-CMIP6/INM-CM4-8/ssp245/r1i1p1f1/tas/tas_day_INM-CM4-8_ssp245_r1i1p1f1_gr1_2096.nc
5ed678f69a26cceeaf3d9046e28557fd,NEX-GDDP-CMIP6/INM-CM4-8/ssp245/r1i1p1f1/tas/tas_day_INM-CM4-8_ssp245_r1i1p1f1_gr1_2097.nc
12209aea13cbe7155fa885022b0d661a,NEX-GDDP-CMIP6/INM-CM4-8/ssp245/r1i1p1f1/tas/tas_day_INM-CM4-8_ssp245_r1i1p1f1_gr1_2098.nc
c445ba73a769f984702b9376d500a933,NEX-GDDP-CMIP6/INM-CM4-8/ssp245/r1i1p1f1/tas/tas_day_INM-CM4-8_ssp245_r1i1p1f1_gr1_2099.nc
1ededc2227e083552299f77329c10895,NEX-GDDP-CMIP6/INM-CM4-8/ssp245/r1i1p1f1/tas/tas_day_INM-CM4-8_ssp245_r1i1p1f1_gr1_2100.nc
