FileID,File_Path
a0108df1e623ae87aa9231c253315cbe,NEX-GDDP-CMIP6/EC-Earth3-Veg-LR/ssp245/r1i1p1f1/tas/tas_day_EC-Earth3-Veg-LR_ssp245_r1i1p1f1_gr_2015.nc
1efa6d68efee0d285b74f57f80fa1776,NEX-GDDP-CMIP6/EC-Earth3-Veg-LR/ssp245/r1i1p1f1/tas/tas_day_EC-Earth3-Veg-LR_ssp245_r1i1p1f1_gr_2016.nc
41dfd75828f705b1664487a2cdea62d6,NEX-GDDP-CMIP6/EC-Earth3-Veg-LR/ssp245/r1i1p1f1/tas/tas_day_EC-Earth3-Veg-LR_ssp245_r1i1p1f1_gr_2017.nc
ee9d831691eaf6af2308dcc25080ee04,NEX-GDDP-CMIP6/EC-Earth3-Veg-LR/ssp245/r1i1p1f1/tas/tas_day_EC-Earth3-Veg-LR_ssp245_r1i1p1f1_gr_2018.nc
1b0de0e70f80a2f2e4c89288742c136d,NEX-GDDP-CMIP6/EC-Earth3-Veg-LR/ssp245/r1i1p1f1/tas/tas_day_EC-Earth3-Veg-LR_ssp245_r1i1p1f1_gr_2019.nc
67dc5f4bf4ddcfa823259402a2e6bfdc,NEX-GDDP-CMIP6/EC-Earth3-Veg-LR/ssp245/r1i1p1f1/tas/tas_day_EC-Earth3-Veg-LR_ssp245_r1i1p1f1_gr_2020.nc
f722d079795e1a3de9fc6431db1a4a39,NEX-GDDP-CMIP6/EC-Earth3-Veg-LR/ssp245/r1i1p1f1/tas/tas_day_EC-Earth3-Veg-LR_ssp245_r1i1p1f1_gr_2021.nc
490478f6294884fc9e045f33b4a0449d,NEX-GDDP-CMIP6/EC-Earth3-Veg-LR/ssp245/r1i1p1f1/tas/tas_day_EC-Earth3-Veg-LR_ssp245_r1i1p1f1_gr_2022.nc
57b6617cad029790a2e32ea674d3b1f6,NEX-GDDP-CMIP6/EC-Earth3-Veg-LR/ssp245/r1i1p1f1/tas/tas_day_EC-Earth3-Veg-LR_ssp245_r1i1p1f1_gr_2023.nc
4b5107824e6a3db5a351a7c6338f4b7e,NEX-GDDP-CMIP6/EC-Earth3-Veg-LR/ssp245/r1i1p1f1/tas/tas_day_EC-Earth3-Veg-LR_ssp245_r1i1p1f1_gr_2024.nc
b02970fb36535ba644b2d23894d627be,NEX-GDDP-CMIP6/EC-Earth3-Veg-LR/ssp245/r1i1p1f1/tas/tas_day_EC-Earth3-Veg-LR_ssp245_r1i1p1f1_gr_2025.nc
0b4d3bec0897668732cc6b37f1fe1c29,NEX-GDDP-CMIP6/EC-Earth3-Veg-LR/ssp245/r1i1p1f1/tas/tas_day_EC-Earth3-Veg-LR_ssp245_r1i1p1f1_gr_2026.nc
cdf8a9fa33709bb68be81e8f8485691c,NEX-GDDP-CMIP6/EC-Earth3-Veg-LR/ssp245/r1i1p1f1/tas/tas_day_EC-Earth3-Veg-LR_ssp245_r1i1p1f1_gr_2027.nc
a82022bfe83e90d4d825e31bda599561,NEX-GDDP-CMIP6/EC-Earth3-Veg-LR/ssp245/r1i1p1f1/tas/tas_day_EC-Earth3-Veg-LR_ssp245_r1i1p1f1_gr_2028.nc
be0e0126237aacae2cd5447f476ce90c,NEX-GDDP-CMIP6/EC-Earth3-Veg-LR/ssp245/r1i1p1f1/tas/tas_day_EC-Earth3-Veg-LR_ssp245_r1i1p1f1_gr_2029.nc
4eeb99702e6a739b4fe5e4001d196617,NEX-GDDP-CMIP6/EC-Earth3-Veg-LR/ssp245/r1i1p1f1/tas/tas_day_EC-Earth3-Veg-LR_ssp245_r1i1p1f1_gr_2030.nc
819ad9d05b07d167ce37686b5af30454,NEX-GDDP-CMIP6/EC-Earth3-Veg-LR/ssp245/r1i1p1f1/tas/tas_day_EC-Earth3-Veg-LR_ssp245_r1i1p1f1_gr_2031.nc
f51e03245c342c91e1f6fe86b67add3d,NEX-GDDP-CMIP6/EC-Earth3-Veg-LR/ssp245/r1i1p1f1/tas/tas_day_EC-Earth3-Veg-LR_ssp245_r1i1p1f1_gr_2032.nc
8b59977c5dde0db1ff15f0430059aac2,NEX-GDDP-CMIP6/EC-Earth3-Veg-LR/ssp245/r1i1p1f1/tas/tas_day_EC-Earth3-Veg-LR_ssp245_r1i1p1f1_gr_2033.nc
46810e097c319ac0d920ec94ec3c89e3,NEX-GDDP-CMIP6/EC-Earth3-Veg-LR/ssp245/r1i1p1f1/tas/tas_day_EC-Earth3-Veg-LR_ssp245_r1i1p1f1_gr_2034.nc
dc1a82729c9cf01b74d7f0b4089e9e8f,NEX-GDDP-CMIP6/EC-Earth3-Veg-LR/ssp245/r1i1p1f1/tas/tas_day_EC-Earth3-Veg-LR_ssp245_r1i1p1f1_gr_2035.nc
4b5decdbff21b84e1a2ee1bbae7951d7,NEX-GDDP-CMIP6/EC-Earth3-Veg-LR/ssp245/r1i1p1f1/tas/tas_day_EC-Earth3-Veg-LR_ssp245_r1i1p1f1_gr_2036.nc
9c0f9dd0ecec86fa7c1c37a52f17be82,NEX-GDDP-CMIP6/EC-Earth3-Veg-LR/ssp245/r1i1p1f1/tas/tas_day_EC-Earth3-Veg-LR_ssp245_r1i1p1f1_gr_2037.nc
0fe40f4a011c41362d66889bd4322e8d,NEX-GDDP-CMIP6/EC-Earth3-Veg-LR/ssp245/r1i1p1f1/tas/tas_day_EC-Earth3-Veg-LR_ssp245_r1i1p1f1_gr_2038.nc
38ba6782e710edfe513ac9f0ec3f88e6,NEX-GDDP-CMIP6/EC-Earth3-Veg-LR/ssp245/r1i1p1f1/tas/tas_day_EC-Earth3-Veg-LR_ssp245_r1i1p1f1_gr_2039.nc
c5979892e961bb2a8e5c2f8954714e3d,NEX-GDDP-CMIP6/EC-Earth3-Veg-LR/ssp245/r1i1p1f1/tas/tas_day_EC-Earth3-Veg-LR_ssp245_r1i1p1f1_gr_2040.nc
f1b8d74daaa2df8ba8a88c00058202d4,NEX-GDDP-CMIP6/EC-Earth3-Veg-LR/ssp245/r1i1p1f1/tas/tas_day_EC-Earth3-Veg-LR_ssp245_r1i1p1f1_gr_2041.nc
9299a0d467d591ebf11e6ed592a2bd66,NEX-GDDP-CMIP6/EC-Earth3-Veg-LR/ssp245/r1i1p1f1/tas/tas_day_EC-Earth3-Veg-LR_ssp245_r1i1p1f1_gr_2042.nc
966638d5b7dda5df510ec39577188ecd,NEX-GDDP-CMIP6/EC-Earth3-Veg-LR/ssp245/r1i1p1f1/tas/tas_day_EC-Earth3-Veg-LR_ssp245_r1i1p1f1_gr_2043.nc
06973b9373a5268738c5d98a8225f729,NEX-GDDP-CMIP6/EC-Earth3-Veg-LR/ssp245/r1i1p1f1/tas/tas_day_EC-Earth3-Veg-LR_ssp245_r1i1p1f1_gr_2044.nc
0392b7ec02bb594112d3e5466f69becc,NEX-GDDP-CMIP6/EC-Earth3-Veg-LR/ssp245/r1i1p1f1/tas/tas_day_EC-Earth3-Veg-LR_ssp245_r1i1p1f1_gr_2045.nc
5387307635c57cb3074c0041a3a02951,NEX-GDDP-CMIP6/EC-Earth3-Veg-LR/ssp245/r1i1p1f1/tas/tas_day_EC-Earth3-Veg-LR_ssp245_r1i1p1f1_gr_2046.nc
3b7b89865a2e945e2f4473f9ebe5f861,NEX-GDDP-CMIP6/EC-Earth3-Veg-LR/ssp245/r1i1p1f1/tas/tas_day_EC-Earth3-Veg-LR_ssp245_r1i1p1f1_gr_2047.nc
b265d0aedcc19f16a5231830ed88c243,NEX-GDDP-CMIP6/EC-Earth3-Veg-LR/ssp245/r1i1p1f1/tas/tas_day_EC-Earth3-Veg-LR_ssp245_r1i1p1f1_gr_2048.nc
6cc72e7f13111dd4323baab79c3a4374,NEX-GDDP-CMIP6/EC-Earth3-Veg-LR/ssp245/r1i1p1f1/tas/tas_day_EC-Earth3-Veg-LR_ssp245_r1i1p1f1_gr_2049.nc
103fc13a6b1c00b1f38d7256e0cf5852,NEX-GDDP-CMIP6/EC-Earth3-Veg-LR/ssp245/r1i1p1f1/tas/tas_day_EC-Earth3-Veg-LR_ssp245_r1i1p1f1_gr_2050.nc
563304d60cce15474b7813bc3d16a484,NEX-GDDP-CMIP6/EC-Earth3-Veg-LR/ssp245/r1i1p1f1/tas/tas_day_EC-Earth3-Veg-LR_ssp245_r1i1p1f1_gr_2051.nc
e110f9eb287bf4a38a7eca736a742883,NEX-GDDP-CMIP6/EC-Earth3-Veg-LR/ssp245/r1i1p1f1/tas/tas_day_EC-Earth3-Veg-LR_ssp245_r1i1p1f1_gr_2052.nc
a0d86b460fa377d53569be54dbd8f244,NEX-GDDP-CMIP6/EC-Earth3-Veg-LR/ssp245/r1i1p1f1/tas/tas_day_EC-Earth3-Veg-LR_ssp245_r1i1p1f1_gr_2053.nc
6e53f341890d0a2410b5626a5d370e17,NEX-GDDP-CMIP6/EC-Earth3-Veg-LR/ssp245/r1i1p1f1/tas/tas_day_EC-Earth3-Veg-LR_ssp245_r1i1p1f1_gr_2054.nc
c5ecfde40e86df97db5b4245661cc60f,NEX-GDDP-CMIP6/EC-Earth3-Veg-LR/ssp245/r1i1p1f1/tas/tas_day_EC-Earth3-Veg-LR_ssp245_r1i1p1f1_gr_2055.nc
91de0040759580289fc0c779bdf3f8a5,NEX-GDDP-CMIP6/EC-Earth3-Veg-LR/ssp245/r1i1p1f1/tas/tas_day_EC-Earth3-Veg-LR_ssp245_r1i1p1f1_gr_2056.nc
9c2d9fd36fe5d49b70548c7dc63a9a8c,NEX-GDDP-CMIP6/EC-Earth3-Veg-LR/ssp245/r1i1p1f1/tas/tas_day_EC-Earth3-Veg-LR_ssp245_r1i1p1f1_gr_2057.nc
ccf70e879b3c8b622d5746cdad40340e,NEX-GDDP-CMIP6/EC-Earth3-Veg-LR/ssp245/r1i1p1f1/tas/tas_day_EC-Earth3-Veg-LR_ssp245_r1i1p1f1_gr_2058.nc
3dcee2831811943b86ea6a4dd7ccb030,NEX-GDDP-CMIP6/EC-Earth3-Veg-LR/ssp245/r1i1p1f1/tas/tas_day_EC-Earth3-Veg-LR_ssp245_r1i1p1f1_gr_2059.nc
fce7e785a64e3c25e385394e393cac20,NEX-GDDP-CMIP6/EC-Earth3-Veg-LR/ssp245/r1i1p1f1/tas/tas_day_EC-Earth3-Veg-LR_ssp245_r1i1p1f1_gr_2060.nc
c239f7f61a024ade0767526d54cc1bfe,NEX-GDDP-CMIP6/EC-Earth3-Veg-LR/ssp245/r1i1p1f1/tas/tas_day_EC-Earth3-Veg-LR_ssp245_r1i1p1f1_gr_2061.nc
53aabdba7371f2660d80fcc05331e5f8,NEX-GDDP-CMIP6/EC-Earth3-Veg-LR/ssp245/r1i1p1f1/tas/tas_day_EC-Earth3-Veg-LR_ssp245_r1i1p1f1_gr_2062.nc
33e2c36b128f5cf0b15755cb7cc0ea67,NEX-GDDP-CMIP6/EC-Earth3-Veg-LR/ssp245/r1i1p1f1/tas/tas_day_EC-Earth3-Veg-LR_ssp245_r1i1p1f1_gr_2063.nc
851efda2ee1ea48180caff1e42ca3147,NEX-GDDP-CMIP6/EC-Earth3-Veg-LR/ssp245/r1i1p1f1/tas/tas_day_EC-Earth3-Veg-LR_ssp245_r1i1p1f1_gr_2064.nc
18fc814008b115e523f2a5e8f38a5f96,NEX-GDDP-CMIP6/EC-Earth3-Veg-LR/ssp245/r1i1p1f1/tas/tas_day_EC-Earth3-Veg-LR_ssp245_r1i1p1f1_gr_2065.nc
2ece7d00d3821e5c5032b125aaaaec59,NEX-GDDP-CMIP6/EC-Earth3-Veg-LR/ssp245/r1i1p1f1/tas/tas_day_EC-Earth3-Veg-LR_ssp245_r1i1p1f1_gr_2066.nc
d84b68fdfe3ceee358f32d9e57b13878,NEX-GDDP-CMIP6/EC-Earth3-Veg-LR/ssp245/r1i1p1f1/tas/tas_day_EC-Earth3-Veg-LR_ssp245_r1i1p1f1_gr_2067.nc
3cd6b4605f8bab0a2959f8f9a62fa96f,NEX-GDDP-CMIP6/EC-Earth3-Veg-LR/ssp245/r1i1p1f1/tas/tas_day_EC-Earth3-Veg-LR_ssp245_r1i1p1f1_gr_2068.nc
8b9332b1963196c8b14ad1ba02cd2441,NEX-GDDP-CMIP6/EC-Earth3-Veg-LR/ssp245/r1i1p1f1/tas/tas_day_EC-Earth3-Veg-LR_ssp245_r1i1p1f1_gr_2069.nc
81b4e275c49df6fa3ad4bcac4fc76177,NEX-GDDP-CMIP6/EC-Earth3-Veg-LR/ssp245/r1i1p1f1/tas/tas_day_EC-Earth3-Veg-LR_ssp245_r1i1p1f1_gr_2070.nc
1cf1139f9df4ff4821236edac2bbd088,NEX-GDDP-CMIP6/EC-Earth3-Veg-LR/ssp245/r1i1p1f1/tas/tas_day_EC-Earth3-Veg-LR_ssp245_r1i1p1f1_gr_2071.nc
498108a2c54867a34d9509c28b458ae2,NEX-GDDP-CMIP6/EC-Earth3-Veg-LR/ssp245/r1i1p1f1/tas/tas_day_EC-Earth3-Veg-LR_ssp245_r1i1p1f1_gr_2072.nc
9354702e312c14132572539b5cf21e4c,NEX-GDDP-CMIP6/EC-Earth3-Veg-LR/ssp245/r1i1p1f1/tas/tas_day_EC-Earth3-Veg-LR_ssp245_r1i1p1f1_gr_2073.nc
8ae25fb513f00f8a660e06d2e333faf8,NEX-GDDP-CMIP6/EC-Earth3-Veg-LR/ssp245/r1i1p1f1/tas/tas_day_EC-Earth3-Veg-LR_ssp245_r1i1p1f1_gr_2074.nc
b629e6140373ea26682cf7887ae5f64b,NEX-GDDP-CMIP6/EC-Earth3-Veg-LR/ssp245/r1i1p1f1/tas/tas_day_EC-Earth3-Veg-LR_ssp245_r1i1p1f1_gr_2075.nc
86926ca9285fce2e387d3f0f99e5c686,NEX-GDDP-CMIP6/EC-Earth3-Veg-LR/ssp245/r1i1p1f1/tas/tas_day_EC-Earth3-Veg-LR_ssp245_r1i1p1f1_gr_2076.nc
dd4bd01b379d902a11c85436f25e4703,NEX-GDDP-CMIP6/EC-Earth3-Veg-LR/ssp245/r1i1p1f1/tas/tas_day_EC-Earth3-Veg-LR_ssp245_r1i1p1f1_gr_2077.nc
9d840b14e5b92e20ad0645bf713cc0b1,NEX-GDDP-CMIP6/EC-Earth3-Veg-LR/ssp245/r1i1p1f1/tas/tas_day_EC-Earth3-Veg-LR_ssp245_r1i1p1f1_gr_2078.nc
2ef429b1271f13905dac477763fe1bef,NEX-GDDP-CMIP6/EC-Earth3-Veg-LR/ssp245/r1i1p1f1/tas/tas_day_EC-Earth3-Veg-LR_ssp245_r1i1p1f1_gr_2079.nc
d5c0498a87d71ead91ec1c6d20591420,NEX-GDDP-CMIP6/EC-Earth3-Veg-LR/ssp245/r1i1p1f1/tas/tas_day_EC-Earth3-Veg-LR_ssp245_r1i1p1f1_gr_2080.nc
d19da0bf9c80a157e2b42ea99663ba25,NEX-GDDP-CMIP6/EC-Earth3-Veg-LR/ssp245/r1i1p1f1/tas/tas_day_EC-Earth3-Veg-LR_ssp245_r1i1p1f1_gr_2081.nc
b94f424f12ab81e16f4ea48d8a5e55f1,NEX-GDDP-CMIP6/EC-Earth3-Veg-LR/ssp245/r1i1p1f1/tas/tas_day_EC-Earth3-Veg-LR_ssp245_r1i1p1f1_gr_2082.nc
be985bb587e5b381212ac13b9cd1afe1,NEX-GDDP-CMIP6/EC-Earth3-Veg-LR/ssp245/r1i1p1f1/tas/tas_day_EC-Earth3-Veg-LR_ssp245_r1i1p1f1_gr_2083.nc
89364245dcf45e5d492ed809907fdd31,NEX-GDDP-CMIP6/EC-Earth3-Veg-LR/ssp245/r1i1p1f1/tas/tas_day_EC-Earth3-Veg-LR_ssp245_r1i1p1f1_gr_2084.nc
91cec6071a4e83757617635b917ecef5,NEX-GDDP-CMIP6/EC-Earth3-Veg-LR/ssp245/r1i1p1f1/tas/tas_day_EC-Earth3-Veg-LR_ssp245_r1i1p1f1_gr_2085.nc
c38af115bdb77afd914db10d57444440,NEX-GDDP-CMIP6/EC-Earth3-Veg-LR/ssp245/r1i1p1f1/tas/tas_day_EC-Earth3-Veg-LR_ssp245_r1i1p1f1_gr_2086.nc
f496ec1db4e68680db4f1c459ea57ba7,NEX-GDDP-CMIP6/EC-Earth3-Veg-LR/ssp245/r1i1p1f1/tas/tas_day_EC-Earth3-Veg-LR_ssp245_r1i1p1f1_gr_2087.nc
182c0565ca883cd03525aab3e0ea3ad8,NEX-GDDP-CMIP6/EC-Earth3-Veg-LR/ssp245/r1i1p1f1/tas/tas_day_EC-Earth3-Veg-LR_ssp245_r1i1p1f1_gr_2088.nc
3d002e871adaefb4a3e1f2e2d7ae6a69,NEX-GDDP-CMIP6/EC-Earth3-Veg-LR/ssp245/r1i1p1f1/tas/tas_day_EC-Earth3-Veg-LR_ssp245_r1i1p1f1_gr_2089.nc
e23750eddbaec4388b3db220c73585af,NEX-GDDP-CMIP6/EC-Earth3-Veg-LR/ssp245/r1i1p1f1/tas/tas_day_EC-Earth3-Veg-LR_ssp245_r1i1p1f1_gr_2090.nc
23fd6d085e56ff6e28a89372b5d79e93,NEX-GDDP-CMIP6/EC-Earth3-Veg-LR/ssp245/r1i1p1f1/tas/tas_day_EC-Earth3-Veg-LR_ssp245_r1i1p1f1_gr_2091.nc
63696e604b44b687d8ffb5b972907407,NEX-GDDP-CMIP6/EC-Earth3-Veg-LR/ssp245/r1i1p1f1/tas/tas_day_EC-Earth3-Veg-LR_ssp245_r1i1p1f1_gr_2092.nc
36f59eba48f45941aa0d4b670e6dd4f3,NEX-GDDP-CMIP6/EC-Earth3-Veg-LR/ssp245/r1i1p1f1/tas/tas_day_EC-Earth3-Veg-LR_ssp245_r1i1p1f1_gr_2093.nc
b7db0a898f64debb1fdfd26f4af6ce3d,NEX-GDDP-CMIP6/EC-Earth3-Veg-LR/ssp245/r1i1p1f1/tas/tas_day_EC-Earth3-Veg-LR_ssp245_r1i1p1f1_gr_2094.nc
77ffb46607ca6a91f3374a0caf454384,NEX-GDDP-CMIP6/EC-Earth3-Veg-LR/ssp245/r1i1p1f1/tas/tas_day_EC-Earth3-Veg-LR_ssp245_r1i1p1f1_gr_2095.nc
bd3ec1d343b8f19362ae2e0722590ccd,NEX-GDDP-CMIP6/EC-Earth3-Veg-LR/ssp245/r1i1p1f1/tas/tas_day_EC-Earth3-Veg-LR_ssp245_r1i1p1f1_gr_2096.nc
c4f18ba68b4023071bcdbfa1ce023ccd,NEX-GDDP-CMIP6/EC-Earth3-Veg-LR/ssp245/r1i1p1f1/tas/tas_day_EC-Earth3-Veg-LR_ssp245_r1i1p1f1_gr_2097.nc
36abf3954876a927f066a9bbdc653c5f,NEX-GDDP-CMIP6/EC-Earth3-Veg-LR/ssp245/r1i1p1f1/tas/tas_day_EC-Earth3-Veg-LR_ssp245_r1i1p1f1_gr_2098.nc
b24b82f4cd61d5678d727c5cd87b1ce3,NEX-GDDP-CMIP6/EC-Earth3-Veg-LR/ssp245/r1i1p1f1/tas/tas_day_EC-Earth3-Veg-LR_ssp245_r1i1p1f1_gr_2099.nc
0c974571dba4d4b1de8b9dce8806eb8e,NEX-GDDP-CMIP6/EC-Earth3-Veg-LR/ssp245/r1i1p1f1/tas/tas_day_EC-Earth3-Veg-LR_ssp245_r1i1p1f1_gr_2100.nc
